TGA-S
130691	4.281
149461	4.501
137301	2.703
136165	2.282
108887	1.953
TGA-I
153131	4.125
141889	3.922
146019	3.656
131844	4.25
138328	4.579
TGA-2
28141	79.66
28676	76.785
28584	79.644
29420	76.816
28501	78.3
DMGA-S
136170	47.44
104486	46.502
149930	43.94
131261	43.127
107086	44.845
DMGA-I
112113	33.949
111222	45.025
119924	51.284
92957	48.908
110674	43.721
DMGA-2
26821	3115.859
28406	3083.333
27721	3093.364
27676	3095.489
26971	3089.099
ACO-GA
27669	164.914
26594	202.213
27684	191.228
27071	192.072
27642	171.571