TGA-S
332484	2.219
292107	1.344
279568	1.734
315921	1.25
313854	1.281
TGA-I
298293	1.5
342916	0.891
300581	1.25
343681	1.219
341742	1.218
TGA-2
117377	11.282
121527	10.032
115891	9.969
115559	9.954
115468	10.234
DMGA-S
301256	14.688
298355	13.673
313235	12.985
285474	13.063
242065	13.0
DMGA-I
321540	10.079
321045	10.922
264559	12.735
262687	10.063
271131	14.188
DMGA-2
117517	449.974
111215	448.38
117154	443.598
120201	514.759
115879	521.93
ACO-GA
112099	28.142
114127	23.532
109230	26.72
112351	19.11
111575	21.408
