.000000	.000000	.000000
.073054	.164230	.762717
.074216	.165567	.760217
.072089	.159812	.768099
.078375	.173073	.748552
.072269	.159087	.768644
.195289	.135684	.669028
.205361	.139268	.655371
.202521	.134859	.662620
.194385	.127164	.678452
.200003	.129165	.670832
.209958	.133806	.656235
.206898	.129395	.663707
.215312	.133270	.651418
.217146	.132596	.650258
.213081	.128964	.657955
.214649	.128362	.656989
.216051	.127824	.656125
.221274	.129814	.648912
.217598	.125690	.656711
.222207	.127314	.650478
.226719	.128607	.644674
.227805	.128208	.643987
.229146	.127715	.643139
.230730	.127133	.642137
.231771	.126750	.641479
.233184	.126231	.640585
.234827	.125628	.639545
.235576	.125352	.639072
.236318	.125080	.638602
.237543	.124630	.637827
.238510	.124274	.637215
.239587	.123879	.636534
.240179	.123661	.636160
.241353	.123230	.635417
.242280	.122889	.634830
.243198	.122552	.634250
.244220	.122177	.633604
.245118	.121847	.633035
.246117	.121479	.632403
.246668	.121277	.632055
.246996	.121157	.631847
.247758	.120877	.631365
.248082	.120758	.631160
.248941	.120442	.630617
.249261	.120324	.630415
.250108	.120013	.629879
.251051	.119667	.629282
.251571	.119476	.628953
.252600	.119098	.628302
.253313	.118836	.627851
.253919	.118613	.627468
.254821	.118282	.626898
.255515	.118027	.626458
.255811	.117918	.626271
.256301	.117738	.625961
.256594	.117630	.625776
.257177	.117416	.625407
.257659	.117239	.625102
.258139	.117063	.624799
.258805	.116818	.624377
.260028	.116368	.623603
.260494	.116197	.623309
.261141	.115960	.622899
.261966	.115657	.622378
.262601	.115423	.621976
.263141	.115225	.621634
.263856	.114962	.621182
.264211	.114832	.620957
.264388	.114767	.620845
.264741	.114637	.620622
.265441	.114380	.620179
.266135	.114125	.619740
.266480	.113998	.619522
.267079	.113778	.619143
.267674	.113559	.618767
.268180	.113373	.618446
.268516	.113250	.618234
.269182	.113005	.617813
.269843	.112762	.617395
.270335	.112582	.617083
.271228	.112254	.616518
.271871	.112017	.616112
.272429	.111812	.615759
.272904	.111638	.615458
.272983	.111609	.615408
.273062	.111580	.615359
.273532	.111407	.615061
.273845	.111292	.614863
.274078	.111206	.614716
.274465	.111064	.614471
.275080	.110838	.614082
.275310	.110754	.613936
.275766	.110586	.613648
.276295	.110392	.613313
.276671	.110254	.613076
.277044	.110117	.612839
.277193	.110062	.612745
.277711	.109872	.612417
.278006	.109763	.612231
.278810	.109468	.611722
.279244	.109308	.611447
.279389	.109255	.611356
.279605	.109176	.611220
.279963	.109044	.610993
.280248	.108939	.610812
.280745	.108757	.610498
.281167	.108602	.610231
.281448	.108499	.610053
.281518	.108473	.610009
.282075	.108268	.609657
.282420	.108141	.609438
.282696	.108040	.609264
.282833	.107990	.609177
.283107	.107889	.609004
.283311	.107814	.608875
.284056	.107540	.608404
.284392	.107417	.608191
.284859	.107245	.607895
.285257	.107099	.607644
.285521	.107002	.607477
.285719	.106930	.607352
.286046	.106809	.607144
.286112	.106785	.607103
.286437	.106665	.606897
.286762	.106546	.606692
.287084	.106428	.606488
.287148	.106404	.606447
.287405	.106310	.606285
.287788	.106169	.606043
.287916	.106122	.605962
.288169	.106029	.605802
.288422	.105936	.605642
.288611	.105867	.605522
.288862	.105775	.605363
.288925	.105752	.605324
.289050	.105706	.605245
.289237	.105637	.605126
.289547	.105523	.604930
.289856	.105409	.604734
.290103	.105319	.604578
.290287	.105251	.604462
.290409	.105206	.604385
.290714	.105094	.604192
.290836	.105049	.604115
.291139	.104938	.603923
.291501	.104805	.603694
.291741	.104717	.603542
.292218	.104541	.603240
.292396	.104476	.603127
.292574	.104411	.603015
.292810	.104324	.602866
.293045	.104238	.602717
.293104	.104216	.602680
.293455	.104087	.602458
.293746	.103980	.602274
.293920	.103916	.602164
.294093	.103853	.602054
.294323	.103768	.601909
.294496	.103705	.601800
.294725	.103621	.601655
.294839	.103579	.601583
.294953	.103537	.601510
.295350	.103391	.601259
.295519	.103329	.601152
.295632	.103287	.601081
.295801	.103225	.600974
.296025	.103143	.600832
.296248	.103061	.600691
.296415	.102999	.600585
.296803	.102857	.600340
.296914	.102816	.600270
.297298	.102675	.600027
.297408	.102635	.599957
.297790	.102495	.599716
.298115	.102375	.599510
.298438	.102256	.599305
.298707	.102158	.599136
.298921	.102079	.599000
.299027	.102040	.598933
.299346	.101923	.598731
.299557	.101845	.598598
.299873	.101729	.598398
.300031	.101671	.598298
.300240	.101594	.598166
.300292	.101575	.598133
.300500	.101499	.598001
.300708	.101422	.597870
.300966	.101328	.597707
.301172	.101252	.597576
.301223	.101233	.597544
.301428	.101158	.597414
.301683	.101064	.597253
.301836	.101008	.597156
.302039	.100933	.597028
.302291	.100841	.596868
.302442	.100785	.596773
.302693	.100693	.596614
.302743	.100675	.596582
.302993	.100583	.596424
.303291	.100473	.596236
.303439	.100419	.596142
.303637	.100346	.596017
.303882	.100256	.595862
.304029	.100202	.595769
.304176	.100148	.595676
.304322	.100094	.595583
.304613	.099987	.595399
.304613	.099987	.595399
.304662	.099970	.595369
.304758	.099934	.595307
.304951	.099863	.595185
.305048	.099828	.595125
.305192	.099775	.595033
.305239	.099757	.595003
.305431	.099687	.594882
.305669	.099600	.594731
.305906	.099512	.594581
.305906	.099512	.594581
.306001	.099478	.594522
.306236	.099391	.594372
.306284	.099374	.594343
.306565	.099270	.594165
.306658	.099236	.594105
.306985	.099116	.593899
.307077	.099082	.593840
.307216	.099031	.593753
.307263	.099014	.593723
.307447	.098946	.593607
.307769	.098828	.593403
.307860	.098795	.593345
.308043	.098727	.593230
.308225	.098661	.593115
.308315	.098627	.593057
.308497	.098561	.592943
.308632	.098511	.592857
.308812	.098445	.592743
.308947	.098395	.592658
.309126	.098330	.592545
.309349	.098248	.592404
.309438	.098215	.592347
.309571	.098166	.592263
.309704	.098117	.592179
.309880	.098052	.592067
.309924	.098036	.592039
.310056	.097988	.591956
.310100	.097972	.591928
.310319	.097891	.591790
.310407	.097859	.591734
.310581	.097795	.591624
.310668	.097763	.591569
.310711	.097747	.591542
.310798	.097715	.591487
.310971	.097651	.591377
.310971	.097651	.591377
.311101	.097604	.591295
.311187	.097572	.591241
.311273	.097541	.591186
.311359	.097509	.591132
.311530	.097446	.591024
.311744	.097368	.590889
.311829	.097336	.590835
.311998	.097274	.590727
.312252	.097181	.590567
.312337	.097150	.590514
.312463	.097104	.590434
.312672	.097026	.590301
.312840	.096965	.590195
.312965	.096919	.590116
.313131	.096858	.590011
.313255	.096812	.589932
.313297	.096797	.589906
.313421	.096752	.589828
.313503	.096721	.589776
.313627	.096676	.589697
.313750	.096631	.589620
.313873	.096585	.589542
.313914	.096570	.589516
.314036	.096525	.589438
.314158	.096481	.589361
.314321	.096421	.589258
.314402	.096391	.589207
.314645	.096302	.589054
.314685	.096287	.589028
.314685	.096287	.589028
.314685	.096287	.589028
.314765	.096257	.588977
.314886	.096213	.588901
.314886	.096213	.588901
.314926	.096198	.588875
.315086	.096140	.588774
.315166	.096110	.588724
.315166	.096110	.588724
.315166	.096110	.588724
.315326	.096052	.588623
.315405	.096022	.588572
.315445	.096008	.588547
.315643	.095935	.588422
.315683	.095920	.588397
.315762	.095891	.588347
.315841	.095862	.588297
.315959	.095819	.588222
.316076	.095776	.588148
.316233	.095718	.588049
.316350	.095675	.587975
.316389	.095661	.587950
.316467	.095632	.587901
.316545	.095604	.587851
.316623	.095575	.587802
.316778	.095518	.587704
.316971	.095447	.587582
.317048	.095419	.587533
.317086	.095405	.587509
.317240	.095348	.587412
.317278	.095334	.587387
.317317	.095320	.587363
.317317	.095320	.587363
.317355	.095306	.587339
.317508	.095250	.587242
.317584	.095222	.587194
.317660	.095194	.587146
.317850	.095124	.587026
.317964	.095082	.586954
.318001	.095069	.586930
.318039	.095055	.586906
.318152	.095013	.586835
.318378	.094930	.586692
.318453	.094903	.586645
.318640	.094834	.586526
.318751	.094793	.586456
.318826	.094766	.586409
.319011	.094698	.586291
.319122	.094657	.586221
.319159	.094643	.586198
.319233	.094616	.586151
.319233	.094616	.586151
.319270	.094603	.586128
.319417	.094548	.586035
.319490	.094521	.585988
.319746	.094427	.585826
.319819	.094401	.585780
.320001	.094334	.585665
.320110	.094294	.585596
.320182	.094267	.585550
.320182	.094267	.585550
.320291	.094227	.585482
.320327	.094214	.585459
.320363	.094201	.585436
.320579	.094122	.585300
.320686	.094082	.585232
.320794	.094043	.585164
.320865	.094016	.585119
.320972	.093977	.585051
.321043	.093951	.585006
.321114	.093925	.584961
.321256	.093873	.584871
.321327	.093847	.584827
.321327	.093847	.584827
.321433	.093808	.584760
.321538	.093769	.584693
.321609	.093743	.584648
.321609	.093743	.584648
.321819	.093666	.584515
.321924	.093627	.584449
.321994	.093602	.584405
.322133	.093551	.584317
.322237	.093512	.584251
.322306	.093487	.584207
.322410	.093449	.584141
.322514	.093411	.584076
.322720	.093335	.583945
.322789	.093310	.583902
.322823	.093297	.583880
.323028	.093222	.583750
.323096	.093197	.583707
.323165	.093172	.583664
.323301	.093122	.583578
.323301	.093122	.583578
.323334	.093109	.583556
.323402	.093084	.583514
.323436	.093072	.583492
.323605	.093010	.583385
.323740	.092960	.583300
.323807	.092936	.583258
.323840	.092923	.583236
.323874	.092911	.583215
.323907	.092899	.583194
.323907	.092899	.583194
.323907	.092899	.583194
.323974	.092874	.583152
.324041	.092849	.583109
.324108	.092825	.583067
.324208	.092788	.583004
.324308	.092752	.582941
.324407	.092715	.582878
.324573	.092654	.582773
.324738	.092594	.582669
.324804	.092569	.582627
.324902	.092533	.582565
.325066	.092473	.582461
.325066	.092473	.582461
.325099	.092461	.582440
.325196	.092425	.582379
.325262	.092401	.582337
.325327	.092377	.582296
.325359	.092365	.582276
.325359	.092365	.582276
.325359	.092365	.582276
.325424	.092341	.582234
.325489	.092318	.582193
.325586	.092282	.582132
.325651	.092258	.582091
.325683	.092246	.582071
.325780	.092211	.582010
.325908	.092163	.581928
.326037	.092116	.581847
.326101	.092093	.581807
.326165	.092069	.581766
.326228	.092046	.581726
.326292	.092022	.581685
.326292	.092022	.581685
.326356	.091999	.581645
.326388	.091987	.581625
.326451	.091964	.581585
.326578	.091917	.581505
.326641	.091894	.581465
.326767	.091848	.581385
.326862	.091813	.581325
.326893	.091802	.581305
.326925	.091790	.581285
.326988	.091767	.581245
.327113	.091721	.581166
.327144	.091709	.581146
.327238	.091675	.581087
.327300	.091652	.581048
.327331	.091641	.581028
.327363	.091629	.581008
.327394	.091618	.580989
.327425	.091606	.580969
.327518	.091572	.580910
.327580	.091549	.580871
.327642	.091527	.580832
.327765	.091481	.580753
.327889	.091436	.580675
.328012	.091391	.580598
.328042	.091379	.580578
.328104	.091357	.580540
.328226	.091312	.580462
.328317	.091278	.580404
.328530	.091200	.580270
.328530	.091200	.580270
.328591	.091178	.580231
.328651	.091156	.580193
.328742	.091122	.580136
.328833	.091089	.580078
.328863	.091078	.580059
.328923	.091056	.580021
.328923	.091056	.580021
.329043	.091012	.579945
.329073	.091001	.579926
.329223	.090946	.579832
.329342	.090902	.579756
.329372	.090891	.579737
.329461	.090858	.579681
.329609	.090804	.579587
.329639	.090793	.579568
.329698	.090771	.579531
.329698	.090771	.579531
.329816	.090728	.579456
.329905	.090695	.579400
.329963	.090674	.579363
.330022	.090652	.579326
.330081	.090630	.579289
.330198	.090587	.579215
.330227	.090577	.579196
.330286	.090555	.579159
.330315	.090545	.579141
.330373	.090523	.579104
.330402	.090512	.579086
.330460	.090491	.579049
.330518	.090470	.579012
.330576	.090448	.578975
.330634	.090427	.578939
.330692	.090406	.578902
.330808	.090363	.578829
.330923	.090321	.578756
.331009	.090289	.578702
.331066	.090268	.578665
.331124	.090247	.578629
.331152	.090237	.578611
.331181	.090226	.578593
.331209	.090216	.578575
.331238	.090205	.578557
.331267	.090195	.578539
.331324	.090174	.578503
.331381	.090153	.578467
.331437	.090132	.578431
.331466	.090122	.578413
.331466	.090122	.578413
.331523	.090101	.578377
.331551	.090090	.578359
.331579	.090080	.578341
.331608	.090069	.578323
.331693	.090038	.578269
.331834	.089986	.578180
.331974	.089935	.578091
.332030	.089914	.578055
.332114	.089883	.578002
.332142	.089873	.577985
.332170	.089863	.577967
.332282	.089822	.577896
.332338	.089801	.577861
.332421	.089771	.577808
.332449	.089760	.577791
.332588	.089709	.577703
.332671	.089679	.577650
.332753	.089649	.577598
.332919	.089588	.577494
.332919	.089588	.577494
.333001	.089558	.577441
.333028	.089548	.577424
.333110	.089517	.577372
.333192	.089487	.577320
.333247	.089467	.577286
.333247	.089467	.577286
.333302	.089447	.577251
.333356	.089427	.577217
.333383	.089417	.577200
.333410	.089407	.577183
.333465	.089387	.577148
.333546	.089357	.577097
.333573	.089347	.577080
.333627	.089328	.577045
.333708	.089298	.576994
.333816	.089258	.576926
.333816	.089258	.576926
.333950	.089209	.576841
.334057	.089169	.576773
.334084	.089160	.576756
.334111	.089150	.576739
.334164	.089130	.576706
.334244	.089101	.576655
.334324	.089071	.576605
.334351	.089062	.576588
.334404	.089042	.576554
.334536	.088994	.576470
.334615	.088964	.576420
.334721	.088926	.576353
.334800	.088897	.576303
.334826	.088887	.576287
.334826	.088887	.576287
.334852	.088877	.576270
.334852	.088877	.576270
.335010	.088820	.576171
.335140	.088772	.576088
.335140	.088772	.576088
.335219	.088743	.576039
.335297	.088714	.575989
.335323	.088705	.575973
.335348	.088695	.575956
.335374	.088686	.575940
.335400	.088676	.575924
.335426	.088666	.575907
.335452	.088657	.575891
.335478	.088647	.575874
.335607	.088600	.575793
.335659	.088581	.575760
.335659	.088581	.575760
.335710	.088562	.575728
.335787	.088534	.575679
.335864	.088506	.575630
.335916	.088487	.575598
.335967	.088468	.575565
.335992	.088459	.575549
.336069	.088430	.575501
.336120	.088412	.575468
.336171	.088393	.575436
.336247	.088365	.575388
.336349	.088328	.575324
.336424	.088300	.575276
.336475	.088281	.575244
.336475	.088281	.575244
.336601	.088235	.575164
.336702	.088198	.575100
.336802	.088161	.575037
.336852	.088143	.575005
.336852	.088143	.575005
.336902	.088124	.574974
.336977	.088097	.574926
.336977	.088097	.574926
.337002	.088088	.574910
.337052	.088069	.574879
.337127	.088042	.574832
.337176	.088024	.574800
.337201	.088014	.574784
.337251	.087996	.574753
.337300	.087978	.574722
.337300	.087978	.574722
.337325	.087969	.574706
.337375	.087951	.574675
.337375	.087951	.574675
.337399	.087942	.574659
.337424	.087933	.574644
.337449	.087923	.574628
.337498	.087905	.574597
.337498	.087905	.574597
.337572	.087878	.574550
.337695	.087833	.574472
.337719	.087824	.574457
.337768	.087806	.574426
.337866	.087770	.574364
.337915	.087752	.574333
.337939	.087743	.574318
.337988	.087725	.574287
.338036	.087708	.574256
.338085	.087690	.574225
.338085	.087690	.574225
.338109	.087681	.574210
.338134	.087672	.574195
.338158	.087663	.574179
.338206	.087645	.574149
.338206	.087645	.574149
.338206	.087645	.574149
.338206	.087645	.574149
.338230	.087636	.574133
.338375	.087583	.574042
.338424	.087565	.574011
.338448	.087556	.573996
.338496	.087539	.573965
.338520	.087530	.573950
.338568	.087512	.573920
.338664	.087477	.573859
.338712	.087459	.573829
.338736	.087451	.573814
.338783	.087433	.573784
.338831	.087416	.573753
.338831	.087416	.573753
.338831	.087416	.573753
.338902	.087389	.573708
.338974	.087363	.573663
.339021	.087346	.573633
.339021	.087346	.573633
.339045	.087337	.573618
.339116	.087311	.573573
.339140	.087302	.573558
.339187	.087285	.573528
.339187	.087285	.573528
.339305	.087241	.573454
.339329	.087233	.573439
.339329	.087233	.573439
.339376	.087215	.573409
.339470	.087181	.573349
.339470	.087181	.573349
.339470	.087181	.573349
.339540	.087155	.573305
.339563	.087146	.573290
.339587	.087138	.573275
.339657	.087112	.573231
.339657	.087112	.573231
.339727	.087086	.573187
.339750	.087078	.573172
.339843	.087044	.573113
.339959	.087001	.573040
.340029	.086975	.572996
.340075	.086958	.572966
.340121	.086941	.572937
.340121	.086941	.572937
.340168	.086925	.572908
.340168	.086925	.572908
.340214	.086908	.572879
.340214	.086908	.572879
.340260	.086891	.572850
.340352	.086857	.572792
.340374	.086848	.572777
.340397	.086840	.572763
.340420	.086832	.572748
.340443	.086823	.572734
.340466	.086815	.572719
.340512	.086798	.572690
.340558	.086781	.572661
.340558	.086781	.572661
.340558	.086781	.572661
.340558	.086781	.572661
.340580	.086773	.572647
.340603	.086764	.572632
.340626	.086756	.572618
.340694	.086731	.572575
.340717	.086723	.572560
.340740	.086714	.572546
.340831	.086681	.572489
.340899	.086656	.572446
.340944	.086639	.572417
.341012	.086614	.572374
.341057	.086598	.572345
.341079	.086590	.572331
.341079	.086590	.572331
.341102	.086581	.572317
.341147	.086565	.572289
.341169	.086556	.572274
.341237	.086532	.572232
.341281	.086515	.572203
.341326	.086499	.572175
.341438	.086458	.572104
.341483	.086441	.572076
.341527	.086425	.572048
.341572	.086409	.572020
.341683	.086368	.571949
.341705	.086360	.571935
.341727	.086351	.571921
.341771	.086335	.571893
.341794	.086327	.571879
.341904	.086286	.571809
.341970	.086262	.571768
.341970	.086262	.571768
.342036	.086238	.571726
.342058	.086230	.571712
.342080	.086222	.571698
.342146	.086198	.571656
.342190	.086182	.571629
.342190	.086182	.571629
.342190	.086182	.571629
.342190	.086182	.571629
.342212	.086173	.571615
.342234	.086165	.571601
.342255	.086157	.571587
.342299	.086141	.571560
.342321	.086133	.571546
.342365	.086117	.571518
.342365	.086117	.571518
.342452	.086085	.571463
.342473	.086077	.571449
.342495	.086069	.571436
.342495	.086069	.571436
.342582	.086037	.571381
.342668	.086006	.571326
.342668	.086006	.571326
.342690	.085998	.571312
.342690	.085998	.571312
.342712	.085990	.571299
.342733	.085982	.571285
.342733	.085982	.571285
.342733	.085982	.571285
.342798	.085958	.571244
.342820	.085950	.571230
.342820	.085950	.571230
.342820	.085950	.571230
.342841	.085942	.571217
.342884	.085926	.571189
.342906	.085919	.571176
.342906	.085919	.571176
.342906	.085919	.571176
.342927	.085911	.571162
.342949	.085903	.571149
.342970	.085895	.571135
.342970	.085895	.571135
.343056	.085863	.571081
.343077	.085856	.571067
.343098	.085848	.571054
.343120	.085840	.571040
.343269	.085785	.570946
.343269	.085785	.570946
.343290	.085777	.570932
.343333	.085761	.570906
.343354	.085754	.570892
.343397	.085738	.570865
.343439	.085723	.570838
.343439	.085723	.570838
.343460	.085715	.570825
.343503	.085699	.570798
.343608	.085660	.570731
.343671	.085637	.570691
.343714	.085622	.570665
.343735	.085614	.570651
.343735	.085614	.570651
.343756	.085606	.570638
.343756	.085606	.570638
.343819	.085583	.570598
.343840	.085575	.570585
.343882	.085560	.570559
.343944	.085537	.570519
.343965	.085529	.570506
.344007	.085514	.570479
.344049	.085499	.570453
.344049	.085499	.570453
.344090	.085483	.570426
.344111	.085476	.570413
.344132	.085468	.570400
.344215	.085437	.570347
.344277	.085415	.570308
.344319	.085399	.570282
.344360	.085384	.570256
.344381	.085376	.570243
.344422	.085361	.570217
.344443	.085354	.570203
.344484	.085339	.570177
.344546	.085316	.570138
.344587	.085301	.570112
.344628	.085286	.570086
.344690	.085263	.570047
.344690	.085263	.570047
.344710	.085256	.570034
.344772	.085233	.569996
.344792	.085225	.569983
.344812	.085218	.569970
.344833	.085210	.569957
.344874	.085195	.569931
.344914	.085180	.569905
.344914	.085180	.569905
.344955	.085165	.569879
.344976	.085158	.569866
.344996	.085151	.569854
.345036	.085136	.569828
.345057	.085128	.569815
.345077	.085121	.569802
.345138	.085098	.569764
.345138	.085098	.569764
.345178	.085083	.569738
.345239	.085061	.569700
.345259	.085054	.569687
.345259	.085054	.569687
.345279	.085046	.569674
.345279	.085046	.569674
.345320	.085032	.569649
.345340	.085024	.569636
.345380	.085009	.569611
.345481	.084972	.569547
.345501	.084965	.569534
.345521	.084958	.569522
.345541	.084950	.569509
.345561	.084943	.569496
.345581	.084936	.569484
.345601	.084928	.569471
.345641	.084914	.569446
.345681	.084899	.569420
.345701	.084892	.569408
.345741	.084877	.569383
.345741	.084877	.569383
.345760	.084870	.569370
.345820	.084848	.569332
.345820	.084848	.569332
.345880	.084826	.569294
.345880	.084826	.569294
.345919	.084811	.569269
.345979	.084789	.569232
.346038	.084768	.569194
.346097	.084746	.569157
.346137	.084731	.569132
.346176	.084717	.569107
.346176	.084717	.569107
.346196	.084710	.569094
.346255	.084688	.569057
.346275	.084681	.569045
.346334	.084659	.569007
.346334	.084659	.569007
.346373	.084645	.568983
.346451	.084616	.568933
.346451	.084616	.568933
.346490	.084602	.568908
.346568	.084573	.568859
.346587	.084566	.568847
.346587	.084566	.568847
.346607	.084559	.568834
.346626	.084551	.568822
.346665	.084537	.568798
.346704	.084523	.568773
.346724	.084516	.568761
.346743	.084509	.568748
.346762	.084502	.568736
.346762	.084502	.568736
.346782	.084494	.568724
.346840	.084473	.568687
.346898	.084452	.568651
.346956	.084431	.568614
.346994	.084416	.568590
.347033	.084402	.568565
.347129	.084367	.568504
.347148	.084360	.568492
.347186	.084346	.568468
.347224	.084332	.568444
.347282	.084311	.568408
.347320	.084297	.568383
.347358	.084283	.568359
.347396	.084269	.568335
.347396	.084269	.568335
.347434	.084255	.568311
.347453	.084248	.568299
.347491	.084234	.568275
.347510	.084227	.568263
.347529	.084220	.568251
.347567	.084206	.568227
.347643	.084178	.568179
.347662	.084171	.568167
.347681	.084164	.568155
.347718	.084150	.568131
.347794	.084123	.568084
.347813	.084116	.568072
.347831	.084109	.568060
.347831	.084109	.568060
.347850	.084102	.568048
.347925	.084074	.568000
.347982	.084054	.567965
.348038	.084033	.567929
.348056	.084026	.567918
.348075	.084019	.567906
.348075	.084019	.567906
.348094	.084012	.567894
.348168	.083985	.567847
.348243	.083958	.567800
.348299	.083937	.567764
.348354	.083917	.567729
.348373	.083910	.567717
.348465	.083876	.567659
.348521	.083856	.567624
.348594	.083828	.567577
.348613	.083822	.567566
.348613	.083822	.567566
.348631	.083815	.567554
.348668	.083801	.567531
.348668	.083801	.567531
.348686	.083795	.567519
.348741	.083774	.567484
.348760	.083768	.567473
.348796	.083754	.567450
.348815	.083748	.567438
.348906	.083714	.567380
.348924	.083707	.567369
.348961	.083694	.567346
.348979	.083687	.567334
.349052	.083660	.567288
.349106	.083640	.567254
.349142	.083627	.567231
.349179	.083614	.567208
.349215	.083600	.567185
.349233	.083594	.567173
.349287	.083574	.567139
.349323	.083561	.567116
.349323	.083561	.567116
.349341	.083554	.567105
.349359	.083547	.567093
.349413	.083528	.567059
.349449	.083514	.567037
.349521	.083488	.566991
.349521	.083488	.566991
.349521	.083488	.566991
.349557	.083475	.566968
.349593	.083462	.566946
.349628	.083449	.566923
.349682	.083429	.566889
.349682	.083429	.566889
.349682	.083429	.566889
.349682	.083429	.566889
.349771	.083396	.566833
.349807	.083383	.566810
.349824	.083376	.566799
.349860	.083363	.566777
.349931	.083337	.566732
.349984	.083318	.566698
.350037	.083298	.566665
.350072	.083285	.566642
.350090	.083279	.566631
.350090	.083279	.566631
.350125	.083266	.566609
.350178	.083247	.566575
.350248	.083221	.566531
.350266	.083214	.566520
.350319	.083195	.566486
.350336	.083188	.566475
.350336	.083188	.566475
.350354	.083182	.566464
.350389	.083169	.566442
.350406	.083163	.566431
.350406	.083163	.566431
.350424	.083156	.566420
.350424	.083156	.566420
.350458	.083144	.566398
.350493	.083131	.566376
.350493	.083131	.566376
.350528	.083118	.566354
.350563	.083105	.566332
.350598	.083092	.566310
.350633	.083080	.566288
.350667	.083067	.566266
.350667	.083067	.566266
.350685	.083060	.566255
.350771	.083029	.566200
.350823	.083010	.566167
.350823	.083010	.566167
.350840	.083003	.566156
.350858	.082997	.566146
.350875	.082991	.566135
.350909	.082978	.566113
.350927	.082972	.566102
.350927	.082972	.566102
.350944	.082965	.566091
.350961	.082959	.566080
.350978	.082953	.566069
.351012	.082940	.566048
.351047	.082927	.566026
.351064	.082921	.566015
.351098	.082908	.565993
.351150	.082890	.565961



 Closed   0


.351150	.082890	.565961
.313847	.078205	.607948
.303889	.075543	.620568
.319899	.079365	.600737
.312228	.077287	.610485
.319342	.078923	.601734
.304360	.075089	.620552
.302292	.074428	.623280
.305414	.075067	.619519
.302443	.074196	.623361
.303354	.074326	.622321
.303380	.074273	.622347
.303424	.074185	.622391
.303460	.074115	.622426
.303506	.074022	.622472
.303523	.073987	.622489
.303555	.073924	.622521
.303595	.073844	.622561
.303627	.073781	.622592
.303664	.073708	.622629
.303703	.073629	.622668
.303731	.073573	.622696
.303762	.073512	.622726
.303792	.073451	.622757
.303828	.073379	.622792
.303856	.073325	.622820
.303880	.073275	.622844
.303910	.073216	.622874
.303938	.073161	.622901
.303965	.073108	.622928
.303986	.073065	.622949
.304018	.073001	.622981
.304053	.072932	.623016
.304066	.072905	.623029
.304090	.072858	.623053
.304116	.072805	.623079
.304127	.072784	.623089
.304150	.072737	.623113
.304174	.072690	.623136
.304192	.072654	.623154
.304210	.072618	.623172
.304234	.072571	.623195
.304252	.072535	.623213
.304272	.072494	.623234
.304282	.072474	.623244
.304295	.072448	.623256
.304321	.072398	.623282
.304349	.072342	.623310
.304371	.072297	.623332
.304389	.072262	.623350
.304401	.072236	.623362
.304416	.072206	.623377
.304436	.072167	.623397
.304454	.072132	.623414
.304474	.072092	.623434
.304491	.072058	.623451
.304503	.072033	.623463
.304513	.072013	.623473
.304526	.071989	.623485
.304550	.071940	.623510
.304567	.071906	.623527
.304579	.071882	.623539
.304589	.071862	.623549
.304611	.071819	.623570
.304633	.071775	.623592
.304647	.071747	.623606
.304662	.071718	.623621
.304676	.071689	.623635
.304690	.071660	.623649
.304719	.071603	.623678
.304728	.071584	.623687
.304738	.071566	.623697
.304750	.071542	.623708
.304759	.071523	.623718
.304776	.071490	.623734
.304785	.071471	.623743
.304790	.071462	.623748
.304804	.071434	.623762
.304816	.071411	.623774
.304834	.071373	.623792
.304841	.071360	.623799
.304853	.071336	.623811
.304869	.071304	.623827
.304885	.071272	.623843
.304899	.071244	.623857
.304913	.071217	.623870
.304924	.071194	.623882
.304943	.071157	.623900
.304952	.071139	.623909
.304970	.071103	.623927
.304981	.071080	.623939
.304984	.071075	.623941
.304986	.071071	.623943
.304997	.071048	.623954
.305002	.071039	.623959
.305013	.071017	.623970
.305022	.070999	.623979
.305027	.070990	.623984
.305038	.070967	.623995
.305060	.070923	.624017
.305085	.070874	.624042
.305094	.070856	.624050
.305105	.070834	.624061
.305114	.070816	.624070
.305129	.070785	.624086
.305138	.070767	.624094
.305149	.070745	.624105
.305160	.070723	.624116
.305178	.070688	.624134
.305184	.070675	.624140
.305189	.070666	.624145
.305202	.070640	.624158
.305222	.070601	.624177
.305228	.070588	.624184
.305239	.070567	.624195
.305250	.070545	.624205
.305258	.070528	.624214
.305265	.070515	.624220
.305278	.070489	.624233
.305284	.070476	.624240
.305295	.070455	.624250
.305295	.070455	.624250
.305308	.070429	.624263
.305310	.070425	.624265
.305317	.070412	.624272
.305325	.070395	.624280
.305342	.070361	.624297
.305348	.070348	.624303
.305365	.070314	.624320
.305374	.070297	.624329
.305387	.070272	.624341
.305393	.070259	.624348
.305401	.070243	.624356
.305408	.070230	.624362
.305420	.070205	.624375
.305431	.070184	.624385
.305441	.070163	.624396
.305462	.070121	.624416
.305479	.070088	.624433
.305491	.070063	.624445
.305493	.070059	.624447
.305502	.070043	.624456
.305512	.070022	.624466
.305518	.070010	.624472
.305520	.070006	.624474
.305522	.070002	.624476
.305535	.069977	.624488
.305543	.069961	.624497
.305553	.069940	.624507
.305563	.069920	.624517
.305567	.069912	.624521
.305576	.069895	.624529
.305582	.069883	.624535
.305596	.069855	.624549
.305602	.069843	.624555
.305612	.069822	.624565
.305622	.069802	.624575
.305628	.069790	.624582
.305630	.069786	.624584
.305640	.069766	.624594
.305648	.069750	.624602
.305661	.069726	.624614
.305673	.069702	.624626
.305685	.069678	.624637
.305695	.069658	.624647
.305703	.069642	.624655
.305705	.069638	.624657
.305710	.069626	.624663
.305716	.069614	.624669
.305720	.069606	.624673
.305730	.069587	.624683
.305734	.069579	.624687
.305742	.069563	.624695
.305748	.069551	.624701
.305750	.069547	.624703
.305758	.069532	.624710
.305764	.069520	.624716
.305768	.069512	.624720
.305774	.069500	.624726
.305782	.069484	.624734
.305789	.069469	.624742
.305795	.069457	.624748
.305805	.069438	.624757
.305809	.069430	.624761
.305817	.069414	.624769
.305819	.069410	.624771
.305827	.069395	.624779
.305834	.069379	.624786
.305840	.069368	.624792
.305846	.069356	.624798
.305852	.069345	.624804
.305860	.069329	.624811
.305865	.069318	.624817
.305869	.069310	.624821
.305875	.069298	.624827
.305883	.069283	.624834
.305883	.069283	.624834
.305887	.069275	.624838
.305898	.069252	.624850
.305904	.069241	.624855
.305911	.069226	.624863
.305915	.069218	.624867
.305923	.069203	.624874
.305929	.069191	.624880
.305931	.069187	.624882
.305934	.069180	.624886
.305940	.069168	.624891
.305942	.069165	.624893
.305953	.069142	.624905
.305955	.069138	.624907
.305959	.069131	.624910
.305967	.069115	.624918
.305972	.069104	.624924
.305978	.069093	.624929
.305988	.069074	.624939
.305988	.069074	.624939
.305993	.069063	.624944
.305995	.069059	.624946
.306001	.069048	.624952
.306006	.069036	.624957
.306012	.069025	.624963
.306019	.069010	.624970
.306025	.068999	.624976
.306031	.068988	.624982
.306042	.068965	.624993
.306048	.068954	.624998
.306055	.068939	.625006
.306059	.068932	.625009
.306059	.068932	.625009
.306064	.068921	.625015
.306068	.068913	.625019
.306074	.068902	.625024
.306075	.068899	.625026
.306081	.068888	.625031
.306088	.068873	.625039
.306090	.068869	.625041
.306096	.068858	.625046
.306105	.068840	.625055
.306111	.068829	.625061
.306118	.068814	.625068
.306129	.068792	.625079
.306140	.068770	.625090
.306142	.068766	.625092
.306147	.068755	.625097
.306149	.068752	.625099
.306149	.068752	.625099
.306151	.068748	.625101
.306158	.068734	.625108
.306166	.068719	.625115
.306175	.068701	.625125
.306182	.068686	.625132
.306186	.068679	.625135
.306191	.068668	.625141
.306200	.068650	.625150
.306202	.068647	.625152
.306213	.068625	.625162
.306220	.068611	.625170
.306227	.068596	.625177
.306233	.068585	.625182
.306236	.068578	.625186
.306240	.068571	.625189
.306245	.068560	.625195
.306250	.068550	.625200
.306254	.068542	.625203
.306259	.068532	.625209
.306265	.068521	.625214
.306270	.068510	.625219
.306270	.068510	.625219
.306281	.068489	.625230
.306281	.068489	.625230
.306288	.068475	.625237
.306300	.068450	.625250
.306313	.068425	.625262
.306322	.068408	.625271
.306327	.068397	.625276
.306331	.068390	.625279
.306331	.068390	.625279
.306334	.068383	.625283
.306345	.068362	.625293
.306352	.068348	.625300
.306355	.068341	.625304
.306360	.068330	.625309
.306366	.068320	.625314
.306373	.068306	.625321
.306380	.068292	.625328
.306385	.068282	.625334
.306385	.068282	.625334
.306388	.068275	.625337
.306390	.068271	.625339
.306399	.068254	.625347
.306408	.068236	.625356
.306413	.068226	.625361
.306418	.068216	.625366
.306421	.068209	.625370
.306427	.068198	.625375
.306434	.068185	.625382
.306440	.068171	.625389
.306442	.068167	.625390
.306449	.068154	.625397
.306456	.068140	.625404
.306463	.068126	.625411
.306470	.068113	.625418
.306473	.068106	.625421
.306477	.068099	.625425
.306482	.068089	.625430
.306490	.068072	.625438
.306495	.068061	.625443
.306500	.068051	.625448
.306504	.068044	.625452
.306511	.068031	.625459
.306516	.068021	.625464
.306519	.068014	.625467
.306523	.068007	.625470
.306523	.068007	.625470
.306529	.067994	.625477
.306531	.067990	.625479
.306536	.067980	.625484
.306543	.067967	.625491
.306548	.067957	.625496
.306556	.067940	.625504
.306558	.067936	.625506
.306561	.067930	.625509
.306566	.067920	.625514
.306568	.067916	.625516
.306573	.067906	.625521
.306575	.067903	.625522
.306583	.067886	.625531
.306587	.067879	.625534
.306592	.067869	.625539
.306595	.067863	.625542
.306600	.067853	.625547
.306603	.067846	.625551
.306607	.067839	.625554
.306612	.067829	.625559
.306617	.067819	.625564
.306622	.067810	.625569
.306628	.067796	.625575
.306635	.067783	.625582
.306640	.067773	.625587
.306647	.067760	.625594
.306650	.067753	.625597
.306655	.067743	.625602
.306661	.067730	.625608
.306665	.067724	.625612
.306671	.067711	.625618
.306676	.067701	.625623
.306680	.067694	.625626
.306684	.067684	.625631
.306688	.067678	.625634
.306689	.067675	.625636
.306691	.067671	.625638
.306691	.067671	.625638
.306696	.067661	.625643
.306696	.067661	.625643
.306698	.067658	.625644
.306702	.067648	.625649
.306706	.067642	.625652
.306714	.067626	.625661
.306716	.067622	.625662
.306717	.067619	.625664
.306722	.067609	.625669
.306727	.067600	.625673
.306732	.067590	.625678
.306738	.067577	.625685
.306740	.067574	.625686
.306742	.067570	.625688
.306748	.067558	.625694
.306748	.067558	.625694
.306751	.067551	.625698
.306756	.067541	.625702
.306764	.067525	.625711
.306767	.067519	.625714
.306775	.067503	.625722
.306779	.067496	.625725
.306780	.067493	.625727
.306787	.067480	.625733
.306788	.067477	.625735
.306795	.067464	.625741
.306800	.067455	.625746
.306801	.067452	.625747
.306804	.067445	.625750
.306808	.067439	.625754
.306811	.067432	.625757
.306816	.067423	.625762
.306817	.067420	.625763
.306817	.067420	.625763
.306820	.067413	.625766
.306825	.067404	.625771
.306830	.067394	.625776
.306836	.067382	.625782
.306843	.067369	.625789
.306846	.067362	.625792
.306849	.067356	.625795
.306851	.067353	.625796
.306851	.067353	.625796
.306852	.067350	.625798
.306859	.067337	.625804
.306860	.067334	.625806
.306862	.067331	.625807
.306866	.067321	.625812
.306870	.067315	.625815
.306876	.067303	.625822
.306881	.067293	.625826
.306881	.067293	.625826
.306882	.067290	.625828
.306889	.067277	.625834
.306892	.067271	.625837
.306900	.067256	.625845
.306903	.067249	.625848
.306909	.067237	.625854
.306910	.067234	.625856
.306915	.067224	.625861
.306918	.067218	.625864
.306926	.067202	.625871
.306931	.067193	.625876
.306935	.067184	.625881
.306939	.067178	.625884
.306942	.067171	.625887
.306945	.067165	.625890
.306951	.067153	.625896
.306960	.067134	.625905
.306965	.067125	.625910
.306970	.067116	.625915
.306971	.067113	.625916
.306974	.067107	.625919
.306979	.067097	.625924
.306987	.067082	.625932
.306988	.067079	.625933
.306990	.067076	.625935
.306990	.067076	.625935
.306991	.067073	.625936
.306996	.067063	.625941
.307000	.067054	.625945
.307002	.067051	.625947
.307008	.067039	.625953
.307010	.067036	.625954
.307013	.067030	.625957
.307016	.067024	.625961
.307023	.067008	.625968
.307023	.067008	.625968
.307028	.066999	.625973
.307031	.066993	.625976
.307033	.066990	.625977
.307036	.066984	.625980
.307040	.066975	.625985
.307048	.066960	.625992
.307052	.066951	.625997
.307054	.066948	.625998
.307058	.066939	.626003
.307066	.066924	.626010
.307069	.066917	.626013
.307075	.066905	.626019
.307078	.066899	.626022
.307080	.066896	.626024
.307084	.066887	.626028
.307087	.066881	.626031
.307090	.066875	.626034
.307095	.066866	.626039
.307096	.066863	.626040
.307099	.066857	.626043
.307102	.066851	.626046
.307105	.066845	.626049
.307107	.066842	.626051
.307114	.066827	.626058
.307116	.066824	.626060
.307119	.066818	.626063
.307119	.066818	.626063
.307122	.066812	.626066
.307128	.066801	.626072
.307128	.066801	.626072
.307129	.066798	.626073
.307131	.066795	.626075
.307135	.066786	.626079
.307138	.066780	.626082
.307140	.066777	.626084
.307141	.066774	.626085
.307146	.066765	.626090
.307146	.066765	.626090
.307147	.066762	.626091
.307156	.066744	.626100
.307160	.066735	.626104
.307162	.066732	.626106
.307165	.066726	.626109
.307166	.066723	.626110
.307166	.066723	.626110
.307166	.066723	.626110
.307168	.066720	.626112
.307174	.066709	.626118
.307177	.066703	.626121
.307178	.066700	.626122
.307183	.066691	.626126
.307184	.066688	.626128
.307184	.066688	.626128
.307186	.066685	.626129
.307191	.066673	.626135
.307193	.066670	.626137
.307197	.066662	.626141
.307197	.066662	.626141
.307199	.066659	.626143
.307206	.066644	.626150
.307209	.066638	.626153
.307212	.066632	.626156
.307212	.066632	.626156
.307215	.066626	.626159
.307216	.066623	.626160
.307221	.066615	.626164
.307222	.066612	.626166
.307227	.066603	.626170
.307233	.066591	.626176
.307235	.066586	.626179
.307237	.066583	.626180
.307241	.066574	.626185
.307244	.066568	.626188
.307247	.066562	.626191
.307252	.066554	.626195
.307254	.066548	.626198
.307256	.066545	.626199
.307259	.066539	.626202
.307260	.066536	.626204
.307263	.066530	.626206
.307269	.066519	.626212
.307273	.066510	.626216
.307275	.066507	.626218
.307279	.066499	.626222
.307281	.066496	.626224
.307281	.066496	.626224
.307286	.066484	.626229
.307289	.066479	.626232
.307291	.066476	.626234
.307295	.066467	.626238
.307295	.066467	.626238
.307296	.066464	.626239
.307299	.066458	.626242
.307301	.066456	.626244
.307304	.066450	.626247
.307306	.066444	.626249
.307306	.066444	.626249
.307308	.066441	.626251
.307314	.066430	.626257
.307315	.066427	.626258
.307318	.066421	.626261
.307321	.066415	.626264
.307325	.066407	.626268
.307327	.066404	.626269
.307327	.066404	.626269
.307327	.066404	.626269
.307327	.066404	.626269
.307327	.066404	.626269
.307331	.066396	.626274
.307332	.066393	.626275
.307332	.066393	.626275
.307335	.066387	.626278
.307339	.066378	.626282
.307348	.066361	.626291
.307348	.066361	.626291
.307348	.066361	.626291
.307354	.066350	.626296
.307356	.066344	.626299
.307362	.066333	.626305
.307366	.066325	.626309
.307371	.066316	.626313
.307371	.066316	.626313
.307376	.066305	.626319
.307378	.066302	.626320
.307385	.066288	.626327
.307386	.066285	.626329
.307389	.066279	.626332
.307395	.066268	.626337
.307397	.066263	.626340
.307400	.066257	.626343
.307402	.066254	.626344
.307406	.066246	.626348
.307412	.066235	.626354
.307417	.066223	.626359
.307424	.066209	.626366
.307428	.066201	.626371
.307428	.066201	.626371
.307431	.066195	.626373
.307431	.066195	.626373
.307433	.066193	.626375
.307442	.066173	.626385
.307442	.066173	.626385
.307445	.066168	.626387
.307447	.066165	.626389
.307448	.066162	.626390
.307448	.066162	.626390
.307449	.066159	.626391
.307451	.066157	.626393
.307453	.066151	.626396
.307456	.066145	.626398
.307456	.066145	.626398
.307458	.066143	.626400
.307460	.066137	.626402
.307465	.066129	.626407
.307466	.066126	.626408
.307472	.066115	.626414
.307472	.066115	.626414
.307473	.066112	.626415
.307476	.066107	.626418
.307477	.066104	.626419
.307484	.066090	.626426
.307485	.066087	.626427
.307488	.066082	.626430
.307489	.066079	.626431
.307491	.066076	.626433
.307496	.066065	.626438
.307499	.066060	.626441
.307503	.066052	.626445
.307503	.066052	.626445
.307507	.066043	.626449
.307510	.066038	.626452
.307516	.066027	.626457
.307522	.066013	.626464
.307527	.066005	.626468
.307527	.066005	.626468
.307531	.065997	.626472
.307532	.065994	.626474
.307535	.065989	.626476
.307535	.065989	.626476
.307536	.065986	.626478
.307540	.065978	.626482
.307543	.065973	.626485
.307547	.065964	.626489
.307550	.065959	.626491
.307555	.065948	.626497
.307558	.065943	.626499
.307559	.065940	.626501
.307562	.065935	.626503
.307562	.065935	.626503
.307563	.065932	.626505
.307567	.065924	.626509
.307577	.065905	.626518
.307580	.065899	.626521
.307581	.065897	.626522
.307585	.065889	.626526
.307588	.065883	.626529
.307590	.065878	.626532
.307590	.065878	.626532
.307594	.065870	.626536
.307600	.065859	.626541
.307604	.065851	.626545
.307604	.065851	.626545
.307607	.065846	.626548
.307613	.065832	.626554
.307615	.065830	.626556
.307619	.065822	.626560
.307620	.065819	.626561
.307620	.065819	.626561
.307621	.065816	.626562
.307621	.065816	.626562
.307624	.065811	.626565
.307629	.065800	.626570
.307629	.065800	.626570
.307631	.065798	.626572
.307631	.065798	.626572
.307631	.065798	.626572
.307635	.065790	.626576
.307636	.065787	.626577
.307639	.065782	.626580
.307641	.065776	.626582
.307643	.065774	.626584
.307647	.065766	.626588
.307651	.065758	.626592
.307659	.065742	.626599
.307661	.065737	.626602
.307664	.065731	.626605
.307668	.065723	.626609
.307673	.065713	.626614
.307677	.065705	.626618
.307678	.065702	.626619
.307678	.065702	.626619
.307681	.065697	.626622
.307686	.065687	.626627
.307689	.065681	.626630
.307689	.065681	.626630
.307692	.065676	.626632
.307696	.065668	.626636
.307701	.065658	.626641
.307706	.065647	.626647
.307707	.065645	.626648
.307709	.065642	.626649
.307713	.065634	.626653
.307714	.065631	.626655
.307715	.065629	.626656
.307721	.065618	.626661
.307722	.065616	.626662
.307723	.065613	.626664
.307730	.065600	.626670
.307734	.065592	.626674
.307736	.065587	.626677
.307738	.065585	.626678
.307738	.065585	.626678
.307739	.065582	.626679
.307740	.065579	.626680
.307740	.065579	.626680
.307745	.065569	.626686
.307748	.065564	.626688
.307752	.065556	.626692
.307754	.065551	.626695
.307758	.065543	.626699
.307758	.065543	.626699
.307762	.065535	.626702
.307765	.065530	.626705
.307766	.065528	.626706
.307769	.065522	.626709
.307773	.065515	.626713
.307773	.065515	.626713
.307775	.065510	.626715
.307776	.065507	.626717
.307782	.065497	.626722
.307783	.065494	.626723
.307784	.065492	.626724
.307788	.065484	.626728
.307789	.065481	.626729
.307789	.065481	.626729
.307791	.065479	.626731
.307794	.065471	.626735
.307796	.065468	.626736
.307797	.065466	.626737
.307797	.065466	.626737
.307798	.065463	.626738
.307800	.065461	.626740
.307803	.065453	.626743
.307803	.065453	.626743
.307805	.065451	.626745
.307809	.065443	.626749
.307812	.065435	.626752
.307814	.065433	.626754
.307818	.065425	.626757
.307820	.065420	.626760
.307825	.065410	.626765
.307827	.065407	.626766
.307828	.065405	.626768
.307832	.065397	.626771
.307833	.065394	.626773
.307835	.065389	.626775
.307835	.065389	.626775
.307835	.065389	.626775
.307839	.065382	.626779
.307839	.065382	.626779
.307841	.065379	.626780
.307843	.065374	.626783
.307844	.065372	.626784
.307846	.065369	.626785
.307849	.065361	.626789
.307853	.065354	.626793
.307856	.065349	.626795
.307858	.065344	.626798
.307860	.065341	.626799
.307860	.065341	.626799
.307862	.065336	.626802
.307862	.065336	.626802
.307866	.065329	.626805
.307866	.065329	.626805
.307867	.065326	.626807
.307868	.065324	.626808
.307870	.065321	.626809
.307872	.065316	.626812
.307872	.065316	.626812
.307877	.065306	.626817
.307881	.065298	.626821
.307882	.065296	.626822
.307886	.065288	.626826
.307889	.065283	.626828
.307894	.065273	.626833
.307895	.065271	.626834
.307897	.065266	.626837
.307899	.065263	.626838
.307902	.065256	.626842
.307905	.065251	.626844
.307906	.065248	.626846
.307906	.065248	.626846
.307907	.065246	.626847
.307910	.065241	.626849
.307912	.065236	.626852
.307915	.065231	.626854
.307916	.065228	.626855
.307919	.065223	.626858
.307924	.065213	.626863
.307925	.065211	.626864
.307926	.065208	.626865
.307926	.065208	.626865
.307927	.065206	.626867
.307930	.065201	.626869
.307934	.065194	.626873
.307937	.065186	.626877
.307937	.065186	.626877
.307941	.065179	.626880
.307942	.065176	.626881
.307942	.065176	.626881
.307946	.065169	.626885
.307946	.065169	.626885
.307949	.065164	.626888
.307950	.065161	.626889
.307952	.065156	.626891
.307955	.065151	.626894
.307955	.065151	.626894
.307956	.065149	.626895
.307961	.065139	.626900
.307965	.065132	.626904
.307968	.065124	.626907
.307973	.065115	.626912
.307976	.065110	.626915
.307977	.065107	.626916
.307981	.065100	.626920
.307986	.065090	.626924
.307988	.065085	.626927
.307988	.065085	.626927
.307988	.065085	.626927
.307992	.065078	.626931
.307992	.065078	.626931
.307993	.065075	.626932
.307994	.065073	.626933
.307995	.065070	.626934
.307999	.065063	.626938
.308002	.065058	.626940
.308004	.065053	.626943
.308004	.065053	.626943
.308008	.065046	.626946
.308009	.065044	.626948
.308014	.065034	.626952
.308015	.065031	.626954
.308016	.065029	.626955
.308019	.065024	.626957
.308021	.065019	.626960
.308025	.065012	.626963
.308026	.065009	.626965
.308027	.065007	.626966
.308027	.065007	.626966
.308028	.065005	.626967
.308032	.064997	.626971
.308038	.064985	.626977
.308041	.064980	.626979
.308043	.064976	.626981
.308044	.064973	.626983
.308047	.064968	.626985
.308047	.064968	.626985
.308049	.064963	.626987
.308051	.064959	.626990
.308051	.064959	.626990
.308053	.064956	.626991
.308056	.064949	.626995
.308056	.064949	.626995
.308059	.064944	.626997
.308060	.064942	.626998
.308061	.064939	.627000
.308061	.064939	.627000
.308064	.064935	.627002
.308066	.064930	.627004
.308068	.064925	.627007
.308073	.064915	.627011
.308074	.064913	.627013
.308078	.064906	.627016
.308080	.064901	.627019
.308082	.064899	.627020
.308083	.064896	.627021
.308085	.064891	.627023
.308086	.064889	.627025
.308089	.064884	.627027
.308089	.064884	.627027
.308091	.064879	.627029
.308091	.064879	.627029
.308094	.064875	.627032
.308100	.064863	.627038
.308101	.064860	.627039
.308102	.064858	.627040
.308102	.064858	.627040
.308107	.064848	.627045
.308109	.064844	.627047
.308111	.064839	.627050
.308113	.064837	.627051
.308116	.064829	.627054
.308119	.064825	.627057
.308122	.064818	.627060
.308126	.064810	.627064
.308128	.064806	.627066
.308129	.064803	.627067
.308132	.064799	.627070
.308134	.064794	.627072
.308138	.064787	.627076
.308141	.064780	.627079
.308144	.064775	.627081
.308146	.064770	.627084
.308147	.064768	.627085
.308148	.064766	.627086
.308151	.064761	.627089
.308151	.064761	.627089
.308153	.064756	.627091
.308155	.064751	.627093
.308159	.064744	.627097
.308161	.064740	.627099
.308164	.064735	.627101
.308170	.064723	.627107
.308172	.064719	.627110
.308173	.064716	.627111
.308177	.064709	.627114
.308179	.064704	.627117
.308180	.064702	.627118
.308182	.064697	.627120
.308184	.064695	.627121
.308186	.064690	.627124
.308189	.064683	.627127
.308191	.064681	.627128
.308192	.064679	.627129
.308192	.064679	.627129
.308193	.064676	.627131
.308195	.064672	.627133
.308195	.064672	.627133
.308200	.064663	.627138
.308201	.064660	.627139
.308202	.064658	.627140
.308203	.064656	.627141
.308205	.064653	.627142
.308205	.064653	.627142
.308209	.064644	.627147
.308212	.064639	.627149
.308213	.064637	.627150
.308214	.064635	.627151
.308215	.064632	.627153
.308216	.064630	.627154
.308217	.064628	.627155
.308219	.064625	.627156
.308219	.064625	.627156
.308222	.064618	.627160
.308224	.064614	.627162
.308227	.064609	.627164
.308229	.064605	.627166
.308230	.064602	.627168
.308235	.064593	.627172
.308238	.064586	.627176
.308241	.064581	.627178
.308244	.064575	.627181
.308245	.064572	.627183
.308245	.064572	.627183
.308248	.064568	.627185
.308251	.064561	.627188
.308252	.064558	.627189
.308253	.064556	.627191
.308254	.064554	.627192
.308254	.064554	.627192
.308258	.064547	.627195
.308259	.064545	.627196
.308260	.064542	.627197
.308261	.064540	.627199
.308262	.064538	.627200
.308265	.064533	.627202
.308267	.064529	.627204
.308268	.064526	.627205
.308268	.064526	.627205
.308269	.064524	.627207
.308272	.064520	.627209
.308274	.064515	.627211
.308275	.064513	.627212
.308275	.064513	.627212
.308277	.064508	.627215
.308280	.064504	.627217
.308280	.064504	.627217
.308282	.064499	.627219
.308282	.064499	.627219
.308282	.064499	.627219
.308283	.064497	.627220
.308284	.064494	.627221
.308285	.064492	.627222
.308287	.064490	.627224
.308289	.064485	.627226
.308296	.064472	.627233
.308297	.064469	.627234
.308301	.064460	.627238
.308301	.064460	.627238
.308303	.064458	.627239
.308304	.064456	.627241
.308305	.064453	.627242
.308306	.064451	.627243
.308308	.064447	.627245
.308312	.064440	.627248
.308314	.064435	.627251
.308316	.064431	.627253
.308318	.064426	.627255
.308320	.064424	.627256
.308322	.064420	.627259
.308323	.064417	.627260
.308323	.064417	.627260
.308331	.064402	.627268
.308333	.064397	.627270
.308335	.064393	.627272
.308337	.064390	.627273
.308337	.064390	.627273
.308339	.064386	.627275
.308343	.064377	.627280
.308344	.064375	.627281
.308346	.064372	.627282
.308347	.064370	.627283
.308351	.064361	.627288
.308352	.064359	.627289
.308355	.064354	.627291
.308355	.064354	.627291
.308358	.064348	.627294
.308359	.064345	.627296
.308359	.064345	.627296
.308362	.064339	.627299
.308363	.064336	.627300



 Closed   1


.308363	.064336	.627300
.149847	.085000	.765152
.148893	.084555	.766553
.131722	.207630	.660648
.134928	.213935	.651137
.126792	.201818	.671390
.127323	.203595	.669082
.129773	.208360	.661867
.127476	.205455	.667069
.126002	.203562	.670437
.127714	.207111	.665175
.125071	.203397	.671532
.124532	.203090	.672378
.126407	.207016	.666577
.123943	.203593	.672463
.123791	.203907	.672302
.123626	.204245	.672128
.123488	.204531	.671982
.123349	.204815	.671836
.123224	.205072	.671704
.123024	.205483	.671493
.122875	.205789	.671335
.122727	.206095	.671178
.122603	.206348	.671048
.122505	.206551	.670944
.122333	.206903	.670763
.122248	.207079	.670673
.122175	.207230	.670595
.122077	.207430	.670493
.121968	.207654	.670377
.121896	.207804	.670301
.121787	.208027	.670186
.121666	.208275	.670059
.121570	.208473	.669957
.121450	.208719	.669831
.121331	.208965	.669704
.121212	.209209	.669579
.121117	.209405	.669478
.120987	.209672	.669341
.120916	.209818	.669266
.120775	.210109	.669117
.120681	.210302	.669018
.120599	.210470	.668931
.120552	.210567	.668881
.120470	.210735	.668795
.120389	.210902	.668709
.120342	.210998	.668660
.120238	.211213	.668550
.120191	.211308	.668501
.120133	.211427	.668439
.120052	.211593	.668354
.119983	.211736	.668281
.119903	.211901	.668196
.119811	.212090	.668099
.119719	.212279	.668002
.119639	.212443	.667918
.119525	.212677	.667797
.119457	.212818	.667725
.119389	.212958	.667653
.119378	.212981	.667641
.119321	.213097	.667582
.119264	.213214	.667522
.119197	.213353	.667450
.119140	.213469	.667391
.119084	.213585	.667331
.119005	.213747	.667248
.118938	.213885	.667177
.118848	.214069	.667083
.118770	.214230	.667000
.118737	.214299	.666965
.118703	.214367	.666929
.118703	.214367	.666929
.118614	.214550	.666835
.118559	.214665	.666777
.118503	.214778	.666718
.118448	.214892	.666660
.118382	.215029	.666590
.118327	.215142	.666531
.118315	.215165	.666520
.118238	.215323	.666438
.118183	.215436	.666380
.118118	.215572	.666311
.118096	.215617	.666288
.118008	.215797	.666195
.117932	.215954	.666114
.117888	.216044	.666068
.117855	.216111	.666034
.117801	.216223	.665976
.117768	.216290	.665942
.117714	.216402	.665884
.117660	.216513	.665827
.117606	.216624	.665770
.117530	.216780	.665690
.117433	.216979	.665588
.117379	.217090	.665531
.117315	.217223	.665463
.117261	.217333	.665406
.117218	.217421	.665361
.117165	.217531	.665304
.117101	.217663	.665237
.117037	.217794	.665169
.116973	.217926	.665102
.116920	.218035	.665046
.116867	.218144	.664989
.116835	.218209	.664956
.116792	.218296	.664911
.116750	.218383	.664866
.116687	.218514	.664800
.116602	.218687	.664710
.116539	.218817	.664644
.116518	.218860	.664622
.116487	.218925	.664588
.116445	.219011	.664544
.116382	.219140	.664478
.116330	.219248	.664422
.116288	.219334	.664378
.116225	.219463	.664312
.116163	.219591	.664246
.116100	.219719	.664180
.116059	.219805	.664137
.116007	.219911	.664082
.115955	.220018	.664027
.115924	.220081	.663994
.115873	.220188	.663940
.115852	.220230	.663918
.115800	.220336	.663864
.115739	.220463	.663798
.115728	.220484	.663787
.115656	.220632	.663712
.115595	.220758	.663647
.115564	.220822	.663614
.115493	.220969	.663539
.115421	.221116	.663463
.115391	.221178	.663431
.115360	.221241	.663399
.115340	.221283	.663377
.115279	.221408	.663313
.115238	.221492	.663270
.115208	.221554	.663238
.115167	.221638	.663195
.115117	.221742	.663142
.115086	.221804	.663109
.115066	.221846	.663088
.115026	.221929	.663046
.114975	.222032	.662992
.114945	.222094	.662960
.114895	.222198	.662907
.114885	.222218	.662897
.114815	.222363	.662823
.114755	.222486	.662759
.114725	.222548	.662727
.114685	.222630	.662685
.114675	.222651	.662675
.114635	.222733	.662632
.114635	.222733	.662632
.114595	.222815	.662590
.114545	.222917	.662538
.114525	.222958	.662517
.114446	.223121	.662433
.114406	.223203	.662391
.114376	.223264	.662360
.114327	.223366	.662307
.114287	.223447	.662266
.114258	.223508	.662234
.114248	.223528	.662224
.114208	.223609	.662182
.114130	.223771	.662099
.114071	.223893	.662037
.114061	.223913	.662026
.114041	.223953	.662006
.113992	.224054	.661954
.113982	.224074	.661944
.113943	.224155	.661902
.113894	.224255	.661851
.113865	.224315	.661820
.113826	.224395	.661778
.113787	.224476	.661737
.113729	.224596	.661676
.113680	.224696	.661624
.113612	.224835	.661553
.113583	.224895	.661522
.113535	.224994	.661471
.113486	.225094	.661420
.113448	.225173	.661379
.113409	.225252	.661338
.113380	.225312	.661308
.113342	.225391	.661267
.113284	.225510	.661206
.113217	.225648	.661135
.113131	.225825	.661044
.113093	.225903	.661004
.113054	.225982	.660964
.112997	.226099	.660903
.112978	.226139	.660883
.112959	.226178	.660863
.112931	.226236	.660833
.112855	.226393	.660753
.112817	.226471	.660713
.112751	.226607	.660643
.112732	.226646	.660623
.112713	.226685	.660603
.112703	.226704	.660593
.112647	.226820	.660533
.112628	.226859	.660513
.112581	.226956	.660463
.112562	.226995	.660443
.112543	.227033	.660424
.112477	.227168	.660354
.112430	.227265	.660305
.112421	.227284	.660295
.112412	.227303	.660285
.112402	.227323	.660275
.112356	.227419	.660226
.112328	.227477	.660196
.112309	.227515	.660176
.112290	.227553	.660156
.112272	.227592	.660137
.112253	.227630	.660117
.112234	.227668	.660097
.112206	.227726	.660068
.112178	.227783	.660038
.112141	.227860	.659999
.112123	.227898	.659979
.112095	.227955	.659950
.112076	.227993	.659930
.112048	.228050	.659901
.112030	.228089	.659882
.111984	.228184	.659833
.111956	.228241	.659803
.111947	.228260	.659794
.111947	.228260	.659794
.111910	.228336	.659755
.111873	.228412	.659716
.111836	.228487	.659677
.111762	.228639	.659599
.111744	.228677	.659580
.111726	.228714	.659560
.111707	.228752	.659541
.111671	.228827	.659502
.111661	.228846	.659492
.111634	.228903	.659463
.111634	.228903	.659463
.111579	.229016	.659405
.111542	.229091	.659367
.111497	.229185	.659319
.111479	.229222	.659299
.111433	.229316	.659251
.111424	.229335	.659242
.111406	.229372	.659222
.111378	.229428	.659194
.111351	.229484	.659165
.111342	.229503	.659155
.111297	.229596	.659107
.111270	.229652	.659079
.111251	.229689	.659059
.111215	.229764	.659021
.111170	.229857	.658973
.111134	.229931	.658935
.111116	.229968	.658916
.111116	.229968	.658916
.111089	.230023	.658888
.111080	.230042	.658878
.111053	.230098	.658850
.111035	.230135	.658831
.110990	.230227	.658783
.110963	.230282	.658755
.110945	.230319	.658736
.110927	.230356	.658717
.110873	.230467	.658660
.110855	.230504	.658641
.110820	.230577	.658603
.110775	.230669	.658556
.110739	.230742	.658518
.110704	.230816	.658481
.110677	.230871	.658453
.110677	.230871	.658453
.110659	.230907	.658434
.110641	.230944	.658415
.110606	.231017	.658377
.110579	.231072	.658349
.110517	.231199	.658284
.110499	.231236	.658265
.110481	.231272	.658246
.110455	.231327	.658218
.110428	.231381	.658190
.110375	.231490	.658134
.110349	.231545	.658106
.110305	.231635	.658060
.110278	.231690	.658032
.110261	.231726	.658013
.110252	.231744	.658004
.110243	.231762	.657995
.110217	.231816	.657967
.110191	.231870	.657939
.110182	.231888	.657930
.110156	.231942	.657902
.110138	.231978	.657884
.110120	.232014	.657865
.110094	.232068	.657837
.110094	.232068	.657837
.110077	.232104	.657819
.110042	.232176	.657782
.109998	.232266	.657736
.109981	.232302	.657717
.109920	.232427	.657653
.109911	.232445	.657644
.109876	.232517	.657607
.109833	.232606	.657561
.109807	.232660	.657534
.109789	.232695	.657515
.109772	.232731	.657497
.109737	.232802	.657460
.109694	.232891	.657415
.109668	.232945	.657387
.109660	.232962	.657378
.109616	.233051	.657333
.109608	.233069	.657324
.109590	.233104	.657305
.109590	.233104	.657305
.109547	.233193	.657260
.109522	.233246	.657233
.109513	.233264	.657223
.109504	.233281	.657214
.109487	.233317	.657196
.109453	.233387	.657160
.109453	.233387	.657160
.109444	.233405	.657151
.109436	.233423	.657142
.109419	.233458	.657124
.109384	.233528	.657087
.109316	.233669	.657015
.109265	.233774	.656961
.109265	.233774	.656961
.109247	.233810	.656943
.109222	.233862	.656916
.109179	.233950	.656871
.109179	.233950	.656871
.109154	.234002	.656844
.109137	.234037	.656826
.109086	.234142	.656772
.109060	.234194	.656745
.109043	.234229	.656727
.109018	.234282	.656701
.109009	.234299	.656692
.108992	.234334	.656674
.108992	.234334	.656674
.108967	.234386	.656647
.108967	.234386	.656647
.108942	.234438	.656620
.108899	.234525	.656576
.108849	.234629	.656522
.108824	.234681	.656495
.108815	.234698	.656487
.108798	.234733	.656469
.108782	.234768	.656451
.108748	.234837	.656415
.108714	.234906	.656380
.108622	.235095	.656283
.108580	.235181	.656238
.108538	.235267	.656194
.108497	.235353	.656150
.108488	.235370	.656141
.108455	.235439	.656106
.108438	.235473	.656089
.108422	.235507	.656071
.108380	.235593	.656027
.108364	.235627	.656010
.108355	.235644	.656001
.108289	.235780	.655931
.108264	.235831	.655904
.108239	.235883	.655878
.108231	.235900	.655870
.108190	.235985	.655826
.108173	.236018	.655808
.108165	.236035	.655800
.108148	.236069	.655782
.108132	.236103	.655765
.108107	.236154	.655739
.108082	.236205	.655713
.108066	.236239	.655695
.108017	.236340	.655643
.108000	.236374	.655626
.107976	.236425	.655600
.107951	.236475	.655574
.107918	.236543	.655539
.107918	.236543	.655539
.107894	.236593	.655513
.107869	.236644	.655487
.107853	.236677	.655470
.107804	.236778	.655418
.107779	.236828	.655392
.107755	.236879	.655367
.107747	.236896	.655358
.107747	.236896	.655358
.107738	.236912	.655349
.107722	.236946	.655332
.107714	.236963	.655324
.107690	.237013	.655298
.107681	.237029	.655289
.107673	.237046	.655281
.107657	.237080	.655263
.107633	.237130	.655238
.107608	.237180	.655212
.107584	.237230	.655186
.107576	.237247	.655178
.107552	.237296	.655152
.107527	.237346	.655126
.107495	.237413	.655092
.107454	.237496	.655049
.107430	.237546	.655024
.107422	.237562	.655015
.107390	.237629	.654981
.107358	.237695	.654947
.107334	.237745	.654922
.107317	.237778	.654905
.107277	.237860	.654862
.107269	.237877	.654854
.107245	.237926	.654828
.107213	.237992	.654795
.107205	.238009	.654786
.107173	.238075	.654752
.107149	.238124	.654727
.107117	.238190	.654693
.107117	.238190	.654693
.107093	.238239	.654668
.107085	.238256	.654659
.107069	.238288	.654643
.107029	.238370	.654600
.107029	.238370	.654600
.107013	.238403	.654584
.106981	.238469	.654550
.106926	.238583	.654491
.106918	.238599	.654483
.106894	.238648	.654458
.106878	.238681	.654441
.106878	.238681	.654441
.106862	.238714	.654424
.106839	.238762	.654399
.106807	.238828	.654366
.106791	.238860	.654349
.106767	.238909	.654324
.106744	.238958	.654299
.106728	.238990	.654282
.106712	.239023	.654265
.106680	.239087	.654232
.106665	.239120	.654215
.106657	.239136	.654207
.106625	.239201	.654174
.106617	.239217	.654166
.106602	.239249	.654149
.106586	.239282	.654132
.106562	.239330	.654107
.106547	.239362	.654091
.106523	.239411	.654066
.106523	.239411	.654066
.106500	.239459	.654041
.106476	.239508	.654016
.106468	.239524	.654008
.106460	.239540	.654000
.106445	.239572	.653983
.106429	.239604	.653967
.106406	.239652	.653942
.106382	.239701	.653917
.106374	.239717	.653909
.106359	.239749	.653892
.106335	.239797	.653868
.106312	.239845	.653843
.106304	.239861	.653835
.106296	.239877	.653827
.106265	.239941	.653794
.106234	.240005	.653761
.106219	.240037	.653744
.106203	.240069	.653728
.106172	.240133	.653695
.106157	.240165	.653679
.106141	.240196	.653662
.106110	.240260	.653630
.106095	.240292	.653613
.106087	.240308	.653605
.106056	.240372	.653573
.106025	.240435	.653540
.106002	.240483	.653515
.106002	.240483	.653515
.105963	.240562	.653475
.105948	.240594	.653458
.105933	.240625	.653442
.105933	.240625	.653442
.105925	.240641	.653434
.105909	.240673	.653418
.105909	.240673	.653418
.105909	.240673	.653418
.105902	.240689	.653410
.105894	.240704	.653402
.105871	.240752	.653377
.105871	.240752	.653377
.105871	.240752	.653377
.105840	.240815	.653345
.105817	.240862	.653320
.105810	.240878	.653312
.105794	.240910	.653296
.105787	.240925	.653288
.105756	.240988	.653256
.105733	.241036	.653231
.105718	.241067	.653215
.105710	.241083	.653207
.105702	.241099	.653199
.105687	.241130	.653183
.105687	.241130	.653183
.105679	.241146	.653175
.105664	.241177	.653159
.105657	.241193	.653151
.105641	.241224	.653135
.105626	.241256	.653118
.105603	.241303	.653094
.105596	.241318	.653086
.105565	.241381	.653054
.105557	.241396	.653046
.105535	.241443	.653022
.105519	.241475	.653006
.105504	.241506	.652990
.105497	.241521	.652982
.105497	.241521	.652982
.105497	.241521	.652982
.105489	.241537	.652974
.105481	.241553	.652966
.105466	.241584	.652950
.105444	.241631	.652926
.105428	.241662	.652910
.105398	.241724	.652878
.105375	.241771	.652854
.105368	.241786	.652846
.105353	.241817	.652830
.105345	.241833	.652822
.105330	.241864	.652806
.105307	.241911	.652782
.105307	.241911	.652782
.105277	.241973	.652750
.105255	.242019	.652726
.105255	.242019	.652726
.105255	.242019	.652726
.105255	.242019	.652726
.105247	.242035	.652718
.105232	.242066	.652702
.105209	.242112	.652679
.105202	.242128	.652671
.105194	.242143	.652663
.105187	.242158	.652655
.105179	.242174	.652647
.105172	.242189	.652639
.105149	.242236	.652615
.105142	.242251	.652607
.105134	.242267	.652599
.105104	.242328	.652567
.105097	.242344	.652560
.105082	.242375	.652544
.105052	.242436	.652512
.105007	.242528	.652465
.104999	.242544	.652457
.104992	.242559	.652449
.104970	.242605	.652425
.104962	.242621	.652417
.104955	.242636	.652409
.104917	.242713	.652370
.104902	.242743	.652354
.104895	.242759	.652346
.104880	.242789	.652331
.104843	.242866	.652291
.104821	.242911	.652268
.104821	.242911	.652268
.104813	.242927	.652260
.104806	.242942	.652252
.104784	.242988	.652229
.104769	.243018	.652213
.104761	.243034	.652205
.104754	.243049	.652197
.104746	.243064	.652190
.104724	.243110	.652166
.104717	.243125	.652158
.104695	.243171	.652135
.104680	.243201	.652119
.104672	.243216	.652111
.104665	.243231	.652104
.104650	.243262	.652088
.104643	.243277	.652080
.104621	.243323	.652057
.104599	.243368	.652033
.104569	.243429	.652002
.104562	.243444	.651994
.104532	.243505	.651963
.104517	.243535	.651948
.104510	.243550	.651940
.104495	.243580	.651924
.104466	.243641	.651893
.104451	.243671	.651878
.104444	.243686	.651870
.104437	.243701	.651862
.104415	.243746	.651839
.104400	.243776	.651824
.104385	.243806	.651808
.104378	.243822	.651800
.104363	.243852	.651785
.104341	.243897	.651762
.104327	.243927	.651746
.104298	.243987	.651715
.104261	.244062	.651677
.104254	.244077	.651669
.104254	.244077	.651669
.104232	.244122	.651646
.104217	.244152	.651631
.104195	.244197	.651608
.104152	.244287	.651562
.104137	.244317	.651546
.104123	.244346	.651531
.104115	.244361	.651523
.104094	.244406	.651500
.104094	.244406	.651500
.104079	.244436	.651485
.104050	.244496	.651454
.104036	.244525	.651439
.104021	.244555	.651424
.104014	.244570	.651416
.104014	.244570	.651416
.104014	.244570	.651416
.103992	.244615	.651393
.103985	.244630	.651385
.103963	.244674	.651363
.103963	.244674	.651363
.103949	.244704	.651347
.103927	.244748	.651324
.103913	.244778	.651309
.103884	.244837	.651279
.103855	.244897	.651248
.103841	.244926	.651233
.103841	.244926	.651233
.103826	.244956	.651218
.103819	.244971	.651210
.103805	.245000	.651195
.103776	.245059	.651165
.103755	.245104	.651142
.103726	.245163	.651112
.103719	.245177	.651104
.103704	.245207	.651089
.103704	.245207	.651089
.103690	.245236	.651074
.103683	.245251	.651066
.103647	.245324	.651028
.103640	.245339	.651021
.103618	.245383	.650998
.103618	.245383	.650998
.103618	.245383	.650998
.103590	.245442	.650968
.103583	.245457	.650961
.103561	.245501	.650938
.103547	.245530	.650923
.103533	.245559	.650908
.103526	.245574	.650900
.103526	.245574	.650900
.103469	.245691	.650840
.103462	.245706	.650833
.103440	.245749	.650810
.103405	.245822	.650773
.103398	.245837	.650765
.103391	.245852	.650758
.103377	.245881	.650743
.103355	.245924	.650720
.103341	.245954	.650705
.103327	.245983	.650690
.103306	.246026	.650668
.103292	.246055	.650653
.103277	.246084	.650638
.103270	.246099	.650631
.103270	.246099	.650631
.103263	.246113	.650623
.103242	.246157	.650601
.103221	.246200	.650579
.103207	.246229	.650564
.103193	.246258	.650549
.103172	.246302	.650526
.103151	.246345	.650504
.103151	.246345	.650504
.103115	.246418	.650467
.103101	.246446	.650452
.103087	.246475	.650437
.103087	.246475	.650437
.103080	.246490	.650430
.103066	.246519	.650415
.103052	.246547	.650400
.103052	.246547	.650400
.103052	.246547	.650400
.103031	.246591	.650378
.103031	.246591	.650378
.103024	.246605	.650371
.103024	.246605	.650371
.103010	.246634	.650356
.103003	.246648	.650349
.102989	.246677	.650334
.102975	.246706	.650319
.102954	.246749	.650297
.102933	.246792	.650275
.102926	.246806	.650267
.102912	.246835	.650253
.102891	.246878	.650230
.102877	.246907	.650216
.102870	.246921	.650208
.102870	.246921	.650208
.102864	.246935	.650201
.102836	.246993	.650172
.102822	.247021	.650157
.102808	.247050	.650142
.102801	.247064	.650135
.102794	.247079	.650128
.102780	.247107	.650113
.102752	.247164	.650083
.102731	.247207	.650062
.102731	.247207	.650062
.102711	.247250	.650040
.102697	.247278	.650025
.102690	.247293	.650018
.102669	.247335	.649996
.102641	.247392	.649966
.102641	.247392	.649966
.102634	.247406	.649959
.102621	.247435	.649945
.102600	.247477	.649923
.102586	.247506	.649908
.102572	.247534	.649893
.102545	.247591	.649864
.102517	.247648	.649835
.102510	.247662	.649828
.102510	.247662	.649828
.102490	.247704	.649806
.102483	.247718	.649799
.102469	.247747	.649784
.102441	.247803	.649755
.102421	.247846	.649734
.102414	.247860	.649726
.102373	.247944	.649683
.102359	.247972	.649668
.102352	.247987	.649661
.102339	.248015	.649647
.102332	.248029	.649639
.102318	.248057	.649625
.102298	.248099	.649603
.102291	.248113	.649596
.102277	.248141	.649582
.102263	.248169	.649567
.102243	.248211	.649546
.102243	.248211	.649546
.102216	.248268	.649517
.102188	.248324	.649488
.102175	.248352	.649474
.102161	.248380	.649459
.102154	.248394	.649452
.102148	.248408	.649445
.102134	.248436	.649431
.102127	.248450	.649423
.102120	.248464	.649416
.102120	.248464	.649416
.102093	.248519	.649387
.102093	.248519	.649387
.102066	.248575	.649359
.102052	.248603	.649344
.102019	.248673	.649309
.102012	.248687	.649302
.101998	.248714	.649287
.101992	.248728	.649280
.101978	.248756	.649266
.101964	.248784	.649252
.101958	.248798	.649244
.101951	.248812	.649237
.101944	.248826	.649230
.101931	.248853	.649216
.101931	.248853	.649216
.101924	.248867	.649209
.101904	.248909	.649187
.101883	.248951	.649166
.101877	.248964	.649159
.101856	.249006	.649137
.101850	.249020	.649130
.101836	.249048	.649116
.101830	.249061	.649109
.101816	.249089	.649095
.101796	.249131	.649074
.101789	.249144	.649066
.101782	.249158	.649059
.101769	.249186	.649045
.101749	.249227	.649024
.101722	.249282	.648996
.101715	.249296	.648988
.101695	.249337	.648967
.101682	.249365	.648953
.101675	.249379	.648946
.101668	.249393	.648939
.101662	.249406	.648932
.101648	.249434	.648918
.101635	.249461	.648904
.101628	.249475	.648897
.101622	.249489	.648890
.101602	.249530	.648868
.101582	.249571	.648847
.101575	.249585	.648840
.101548	.249640	.648812
.101542	.249653	.648805
.101542	.249653	.648805
.101542	.249653	.648805
.101528	.249681	.648791
.101528	.249681	.648791
.101522	.249695	.648784
.101522	.249695	.648784
.101502	.249736	.648763
.101502	.249736	.648763
.101488	.249763	.648749
.101475	.249790	.648735
.101468	.249804	.648728
.101455	.249831	.648714
.101442	.249859	.648700
.101415	.249913	.648672
.101382	.249981	.648637
.101375	.249995	.648630
.101362	.250022	.648616
.101362	.250022	.648616
.101349	.250049	.648602
.101329	.250090	.648581
.101316	.250117	.648567
.101309	.250131	.648560
.101283	.250185	.648532
.101276	.250199	.648525
.101270	.250213	.648518
.101270	.250213	.648518
.101256	.250240	.648504
.101256	.250240	.648504
.101256	.250240	.648504
.101230	.250294	.648476
.101224	.250308	.648469
.101224	.250308	.648469
.101217	.250321	.648462
.101197	.250362	.648441
.101191	.250375	.648434
.101177	.250402	.648420
.101164	.250429	.648406
.101145	.250470	.648386
.101131	.250497	.648372
.101125	.250510	.648365
.101105	.250551	.648344
.101085	.250591	.648323
.101085	.250591	.648323
.101072	.250618	.648309
.101059	.250645	.648295
.101046	.250672	.648282
.101046	.250672	.648282
.101046	.250672	.648282
.101013	.250740	.648247
.101000	.250767	.648233
.100994	.250780	.648226
.100994	.250780	.648226
.100968	.250834	.648199
.100935	.250901	.648164
.100935	.250901	.648164
.100928	.250914	.648157
.100928	.250914	.648157
.100915	.250941	.648144
.100902	.250968	.648130
.100889	.250995	.648116
.100883	.251008	.648109
.100863	.251048	.648089
.100857	.251062	.648082
.100844	.251088	.648068
.100831	.251115	.648054
.100818	.251142	.648040
.100818	.251142	.648040
.100811	.251155	.648034
.100811	.251155	.648034
.100798	.251182	.648020
.100792	.251195	.648013
.100792	.251195	.648013
.100779	.251222	.647999
.100766	.251249	.647986
.100746	.251289	.647965
.100746	.251289	.647965
.100727	.251329	.647944
.100714	.251355	.647931
.100694	.251395	.647910
.100681	.251422	.647897
.100675	.251435	.647890
.100675	.251435	.647890
.100669	.251449	.647883
.100649	.251488	.647862
.100643	.251502	.647856
.100623	.251542	.647835
.100623	.251542	.647835
.100617	.251555	.647828
.100610	.251568	.647822
.100604	.251581	.647815
.100585	.251621	.647794
.100572	.251648	.647781
.100552	.251687	.647760
.100527	.251740	.647733
.100520	.251754	.647726
.100507	.251780	.647713
.100507	.251780	.647713
.100494	.251806	.647699
.100494	.251806	.647699
.100494	.251806	.647699
.100482	.251833	.647686
.100475	.251846	.647679
.100443	.251912	.647645
.100437	.251925	.647638
.100430	.251938	.647631
.100424	.251952	.647625
.100424	.251952	.647625
.100417	.251965	.647618
.100405	.251991	.647604
.100398	.252004	.647597
.100392	.252017	.647591
.100385	.252031	.647584
.100385	.252031	.647584
.100373	.252057	.647570
.100360	.252083	.647557
.100360	.252083	.647557
.100353	.252096	.647550
.100341	.252123	.647537
.100334	.252136	.647530
.100315	.252175	.647510
.100302	.252202	.647496
.100296	.252215	.647489
.100283	.252241	.647476
.100264	.252280	.647456
.100251	.252306	.647442
.100251	.252306	.647442
.100226	.252359	.647415
.100226	.252359	.647415
.100207	.252398	.647395
.100200	.252411	.647388
.100194	.252424	.647382
.100169	.252477	.647355
.100169	.252477	.647355
.100162	.252490	.647348
.100162	.252490	.647348
.100149	.252516	.647335
.100130	.252555	.647315
.100124	.252568	.647308
.100099	.252620	.647281
.100086	.252646	.647268
.100080	.252659	.647261
.100054	.252711	.647234
.100048	.252724	.647228
.100048	.252724	.647228
.100042	.252737	.647221
.100010	.252802	.647188
.099997	.252828	.647174
.099997	.252828	.647174
.099997	.252828	.647174
.099985	.252854	.647161
.099972	.252880	.647148
.099966	.252893	.647141
.099960	.252906	.647134
.099941	.252945	.647114
.099928	.252971	.647101
.099909	.253010	.647081
.099903	.253023	.647074
.099890	.253049	.647061
.099890	.253049	.647061
.099884	.253062	.647054
.099884	.253062	.647054
.099871	.253088	.647041
.099871	.253088	.647041
.099853	.253126	.647021
.099834	.253165	.647001
.099834	.253165	.647001
.099827	.253178	.646995
.099821	.253191	.646988
.099821	.253191	.646988
.099821	.253191	.646988
.099821	.253191	.646988
.099815	.253204	.646981
.099815	.253204	.646981
.099809	.253217	.646975
.099802	.253230	.646968
.099802	.253230	.646968
.099790	.253255	.646955
.099771	.253294	.646935
.099765	.253307	.646928
.099758	.253320	.646922
.099758	.253320	.646922
.099752	.253333	.646915
.099740	.253358	.646902
.099733	.253371	.646895
.099727	.253384	.646889
.099721	.253397	.646882
.099708	.253423	.646869
.099696	.253448	.646856
.099677	.253487	.646836
.099671	.253500	.646829
.099652	.253538	.646809
.099652	.253538	.646809
.099652	.253538	.646809
.099640	.253564	.646796
.099627	.253590	.646783
.099615	.253615	.646770
.099596	.253654	.646750
.099590	.253667	.646744